10431
10432
10433
10434
10435
10436
10437
10438
10439
10440
10441
10442
10443
10444
10445
10446
10447
10551
10552
10553
10554
10555
10556
10557
10558
10559
10560
10561
10562
10563
10564
10671
10672
10673
10674
10675
10676
10677
10678
10679
10680
10681
10682
10683
11141
11142
11143
11144
11145
11146
11147
11251
11252
11253
11254
11255
11256
11257
11361
11362
11363
11364
11454
11471
11472
11473
11474
11475
11476
11521
11522
11523
11524
11525
11526
11527
11528
11533
11551
11631
11632
11633
11634
11635
11636
11741
11742
11743
11744
11745
11835
11851
11852
11853
11854
11855
12131
12132
12133
12134
12135
12136
12137
12141
12241
12242
12243
12244
12351
12461
12462
13103
13121
13122
13123
13231
13341
13451
13501
13561
13562
13671
13672
13673
13674
13675
13676
13677
14121
14122
14123
14231
14232
14233
14234
14235
14341
14342
14343
14451
14452
14561
14562
14563
14564
14565
14568
14569
14572
14574
14575
14576
14578
14671
15121
15122
15123
15124
15125
15126
15127
15231
15232
15233
15234
15235
15236
15237
15238
15341
15342
15343
15344
15349
15351
15354
15451
15452
15561
15562
15669
15771
15772
15773
16121
16122
16231
16232
16233
16341
16342
16343
16344
16345
16346
16450
16451
16452
16552
16561
16562
16671
16672
16673
16674
16675
16777
17121
17122
17123
17124
17232
17234
17235
17236
17237
17341
17342
17343
17455
17456
17561
17562
17563
17564
17671
17672
17673
17674
17675
17676
17778
18030
18120
18121
18122
18233
18344
18345
18346
18450
18451
18452
18453
18454
18531
18532
18533
18534
18535
18536
18537
18538
18539
18540
18541
18542
18543
18544
18545
18546
18547
18648
18755
18756
18757
18758
18863
18900
18901
18902
18903
19001
19002
19003
19004
19005
19006
19007
19008
19009
19010
19011
19012
19013
19014
19015
19016
19100
19200
19300
19400
19500
19600
20001
20002
20003
20004
20005
20006
20007
20008
20009
20010
20011
20012
20013
20014
20015
20016
20017
20100
20200
20300
20400
20500
21051
21052
21053
21054
21055
21056
21057
21058
21059
21060
21100
21200
21300
22003
22004
22005
22006
22007
22009
22010
22011
22012
22013
22014
22015
22016
22017
22018
22019
22020
22021
22022
22024
22025
22026
22027
22028
22100
22200
23054
23055
23056
23057
23058
23059
23060
23061
23063
23064
23065
23066
23067
23068
23069
23071
23100
23200
24001
24002
24003
24004
24005
24006
24007
24008
24009
24010
24011
24012
24013
24014
24015
24016
24017
24018
24019
24020
24021
24022
24023
24024
24100
24101
24200
24300
24400
24500
24600
25001
25002
25003
25004
25005
25006
25007
25008
25009
25010
25011
25012
25013
25014
25015
25016
25017
25018
25100
25200
26221
26222
26223
26224
26225
26226
26234
26331
26332
26333
26334
26335
26441
26442
26443
26444
26500
26504
27050
27051
27052
27053
27054
27055
27056
27057
27058
27059
27060
27061
27062
27063
27064
27065
27066
27067
27068
27069
27100
27200
27300
28080
28081
28082
28083
28084
28085
28086
28100
28200
28301
29090
29091
29092
29100
30001
30002
30003
30004
30005
30006
30007
30008
30009
30010
30011
30012
30013
30014
30015
30016
30017
30018
30019
30020
30021
30022
30023
30024
30025
30026
30027
30100
30200
30214
30300
30400
30500
31080
31081
31082
31083
31100
32001
32002
32003
32004
32005
32006
32007
32008
32009
32010
32011
32012
32100
32200
32300
33050
33051
33053
33054
33055
33056
33057
33058
33059
33060
33061
33062
33063
33100
34001
34002
34003
34004
34005
34006
34008
34010
34011
34012
34013
34014
34015
34016
34017
34018
34019
34100
34200
34300
34400
34500
34600
35001
35002
35003
35004
35005
35006
35007
35008
35009
35010
35011
35012
35013
35014
35016
35017
35018
35100
35300
36070
36071
36072
36073
36074
36075
36076
36080
36081
36100
37001
37002
37003
37004
37005
37006
37007
37008
37009
37010
37011
37012
37013
37100
37200
37300
37400
37500
38221
38222
38300
38322
38331
38333
38334
38445
38446
38500
40001
40002
40003
40004
40005
40006
40007
40008
40009
40010
40011
40100
40200
40300
40400
41001
41221
41222
41223
41334
41335
41336
41447
41500
42030
42031
42032
42033
42034
42035
42036
42037
42100
42200
42300
43060
43061
43062
43063
43064
43065
43066
43067
43068
43069
43070
43100
43200
43300
44001
44002
44003
44004
44005
44006
44007
44008
44009
44010
44012
44013
44014
44015
44016
44017
44018
44019
44020
44100
44200
45221
45232
45332
45333
45442
45444
45445
45500
46030
46031
46032
46033
46100
46200
46300
47040
47041
47042
47043
47044
47045
47046
47047
47048
47100
47200
48060
48061
48062
48100
48200
48300
49080
49081
49083
49084
49100
50001
50002
50003
50004
50005
50006
50007
50008
50009
50010
50100
50200
50300
50400
50500
51030
51031
51032
51100
51200
52050
52051
52052
52053
52054
52055
52056
52057
52058
52059
52100
52200
53070
53071
53072
53073
53074
53075
53076
53077
53078
53100
53200
53438
54248
54249
54250
54351
54352
54453
54454
54500
54621
54622
54623
54624
54625
54626
54627
54628
54629
54630
54631
54632
54633
54634
54635
54636
54638
54639
54640
54641
54642
54643
54644
54645
54646
54655
55131
55132
55133
55134
55236
55337
55438
55535
56121
56122
56123
56224
56334
56429
56430
56431
56532
56533
56625
56626
56727
56728
57001
57002
57003
57004
57006
57007
57008
57009
57010
57011
57012
57013
57014
57015
57016
57017
57018
57019
57020
57021
57022
57100
57200
57300
57400
57500
58001
58002
58003
58004
58005
58100
58200
58300
58400
58500
59031
59032
59033
59034
59035
59100
59200
59300
60061
60062
60063
60064
60065
60066
60100
60200
60300
61001
61002
61003
61005
61006
61007
61100
61200
61300
61400
62041
62042
62043
62044
62045
62046
62047
62048
62049
62050
62051
62052
62053
62054
62055
62056
62100
62121
62122
62123
62124
62125
62200
62300
62400
63071
63072
63073
63074
63075
63076
63077
63078
63079
63080
63081
63082
63083
63084
63085
63086
63087
63088
63100
63200
64001
64002
64003
64005
64006
64007
64008
64009
64010
64011
64012
64100
64200
65201
65302
65403
65404
65500
66031
66032
66033
66034
66035
66036
66037
66038
66100
66200
66300
67061
67062
67063
67064
67100
67200
67300
68001
68003
68004
68005
68006
68007
68008
68009
68010
68011
68012
68013
68014
68100
68200
68300
68400
68500
69100
69200
69300
69400
69500
70001
70002
70003
70004
70005
70006
70007
70008
70009
70010
70011
70012
70013
70014
70015
70016
70017
70100
70200
70300
70400
71201
71202
71303
71304
71305
71306
71307
71309
71334
71409
71410
71414
71500
71601
72051
72052
72053
72054
72055
72056
72057
72058
72059
72100
72200
72300
72400
73001
73002
73003
73004
73005
73006
73007
73008
73009
73010
73011
73012
73013
73014
73100
73131
73132
73133
73134
73135
73136
73200
73300
73400
74000
74051
74052
74053
74054
74055
74056
74057
74058
74059
74060
74061
74062
74100
80200
81100
81101
81102
81103
81104
81105
81106
81107
81108
81109
81110
81111
81112
81113
81200
81300
81401
81500
82100
82101
82102
82104
82200
82300
83100
83101
83102
83103
83104
83200
83301
83302
83400
84002
84006
84007
84009
84100
84200
84201
84301
84302
84401
84501
84502
84701
84702
84703
84801
85001
85100
85101
85102
85103
85104
85105
85106
85107
85108
85109
85110
85111
85300
85301
85302
85401